5257
930704 1
930705 1
2594344 1
2594345 1
2594346 1
2594348 1
2594349 1
2797939 1
3628986 1
3724020 1
3786360 1
3786363 1
4166346 1
5460747 1
5460748 1
6031397 1
6031398 1
6449728 1
6449730 1
6449732 1
6450540 1
6924845 1
6924857 1
7998453 1
9921910 1
9921914 1
9921989 1
9921991 1
9922121 1
9922126 1
10081461 1
10362339 1
10362340 1
10363256 2
10679242 1
10679243 1
10705315 1
11197739 1
11197744 1
11198003 1
11198268 1
11534861 1
11967037 1
12862645 1
14400689 1
14400694 1
14496955 1
14496956 1
14617496 1
14617499 1
14946012 1
15682342 1
15682343 1
16990787 1
16990788 1
17880764 1
17880858 1
18052481 1
18549883 1
19397849 1
19397851 1
19746235 1
19936646 1
19936647 1
20773426 1
20773428 1
24663663 1
27704967 1
27704968 1
28710585 1
29112199 1
29112200 1
29184380 1
29184381 1
29195387 1
29195391 1
29195435 1
29195437 1
29195835 1
29195838 1
29195839 1
29195879 1
29195881 1
29195905 1
29195906 1
29498360 1
29498362 1
29565257 1
29565320 1
30531426 1
30531428 1
31508573 1
31508577 1
33398636 1
33398637 1
33398638 1
33398639 1
33398640 1
33444125 1
33501250 1
33501251 1
33501256 1
33501257 1
33501262 2
33501263 1
33501265 1
33501269 1
33501279 1
33501285 1
33501292 1
33501302 1
33501309 1
33501310 1
33501315 1
33501334 1
33501340 1
33501346 1
33501347 1
33501348 1
33501349 1
33501358 1
33501361 1
33501365 1
33501384 1
33501388 1
33501389 1
33501390 2
33501391 1
33501395 1
33501396 1
33501397 1
33501398 1
33501403 1
33501420 1
33501421 1
33501451 1
33501454 1
33501456 1
33501457 1
33501458 1
33501468 1
33501469 1
33501470 1
33501471 2
33501472 1
33501478 2
33501525 1
33766365 1
33816697 1
33816806 1
33816933 1
33817271 1
33817272 1
33817273 1
33817396 1
33817469 1
33817512 1
33817514 2
33874914 1
33874984 1
33874986 1
33887352 1
34101775 1
34101776 1
34101777 1
34101778 1
34101779 1
34101780 1
34101781 1
34101782 1
34351761 1
34834111 1
34834120 1
34834122 1
34834123 1
35074245 1
35074562 1
35074563 1
35074566 1
35074567 1
35076186 1
35076187 1
35076188 1
35575159 1
35575358 1
35766011 1
35766343 1
35828493 1
35828501 1
35957977 1
35957978 1
35982474 1
36131185 1
36919903 1
36919904 1
36919921 1
36919922 1
37237758 1
38082080 1
38208588 1
38385209 1
38385690 1
38385691 1
38385700 1
38385701 1
38544785 1
39493521 1
40001553 1
40001554 1
41324138 1
41324139 1
41324146 1
41324147 1
41324148 1
41324153 1
41324154 1
41324156 1
41324167 1
41324168 1
41324169 1
41324178 1
41324187 1
41324203 1
41324205 1
41324207 2
41324217 1
41324218 1
41324230 1
41324231 1
41324237 1
41324239 1
41324247 1
41324248 1
41324317 1
41324318 1
41691818 1
41733794 1
41733797 1
42590889 1
42590890 1
42645039 1
43055809 1
43055973 1
43055975 1
43373791 1
43373796 1
43373798 1
43758952 2
43758954 2
43834424 1
45582897 1
45758086 1
45851020 1
46515683 1
47289836 1
47289837 1
47289838 1
47814410 1
47814503 1
47836022 1
47836025 1
47904468 1
49539318 1
49539319 1
49539320 1
49539321 1
49539322 1
49539323 1
49539324 1
49539325 1
49539326 1
49539327 1
49802107 1
50082489 1
50734197 1
51114610 1
51114611 1
52296162 1
53392974 1
53901481 1
53901491 1
55268231 1
56194071 1
56359828 1
56359899 1
57828984 1
57829029 1
58535921 1
61701968 1
61934166 1
63430011 1
63430027 1
63467677 1
63547690 1
64211214 1
64211215 1
64456518 1
64456521 1
64608594 1
64608605 1
64608608 1
65285590 1
66416199 1
67417677 1
67724510 1
68197123 1
68981601 1
68981681 1
69135464 1
69135465 1
69135466 1
69135467 1
69552463 1
69552465 1
69559356 1
69655807 1
69655808 1
69655809 1
69655810 1
69655811 1
69999015 1
69999026 1
69999027 1
69999028 1
69999029 1
70638184 1
70638191 1
70638198 1
70874303 1
71604584 1
71604617 1
72572723 1
73549976 1
73551710 1
73553961 1
73661496 1
73767607 1
73767660 1
73877102 1
74281801 1
76115462 1
76115463 1
76115464 1
76115471 1
76115604 1
76492299 2
76698436 1
76698439 1
76964126 1
77350730 1
77770151 1
77770152 1
78175483 1
78462686 1
78725192 1
78725221 1
78725222 1
79304942 1
79321841 1
79321846 1
79321847 1
79541937 1
80057790 1
80078682 1
80078688 1
80078689 1
80080695 1
80084014 1
80084053 1
80136560 1
80136563 1
80136808 1
80136809 1
80136810 1
80137263 1
80390153 1
80390154 1
80390159 1
80390160 1
80783198 1
80783203 1
82017535 1
82017536 1
82389599 1
83084721 1
83084722 1
83963898 1
84046356 1
85340008 1
87629985 1
88249216 1
88249217 1
88249220 1
88249221 1
88764491 1
88764493 1
88821189 1
90760047 1
90760049 1
90760051 1
90868916 1
90868917 1
90868918 1
90868919 1
90868920 1
90868921 1
90868922 1
90916007 1
90916008 1
90916009 1
91691595 1
91708164 1
92254571 1
92757036 1
93513562 1
93513564 1
95174474 1
95174475 1
95174476 1
95174477 1
95218402 2
95218403 2
95218405 1
95218406 1
95218433 1
95218451 1
95218464 1
95218494 1
95218508 1
95218727 1
95218743 1
95218841 1
95218907 1
95218919 1
95218925 2
95218929 1
95218931 1
95218954 1
95218955 1
95218957 1
95218958 1
95218981 1
95347667 1
95347669 1
95347671 1
95347673 1
95347675 1
95347677 1
95347679 2
95347680 1
95347681 2
95347683 1
95347685 1
95347687 1
95347689 1
95347691 2
95347692 1
95347693 1
95347695 1
95347697 1
95347699 1
95347701 1
95347703 1
95347705 1
95347707 1
95347709 1
95347711 1
95347713 1
95347715 1
95347717 1
95347719 1
95347721 1
95347723 1
95347725 1
95347727 1
95347729 1
95347731 1
95347733 1
95347735 1
95347737 1
95347739 1
95347741 1
95347743 1
95347745 1
95347747 1
95347749 1
95347751 1
95347753 1
95347755 1
95347757 1
95347759 1
95347761 1
95347763 1
95347765 1
95347767 1
95347769 1
95347771 1
95347773 1
95347775 1
95347777 1
95347779 1
95347781 1
95347783 1
95347785 1
95347787 1
95347789 1
95347791 1
95347793 1
95347795 1
95347797 1
95347799 1
95347801 1
95347803 1
95347805 1
95347807 1
95347809 1
95347811 1
95347813 1
95347815 1
95347817 1
95347819 1
95347821 1
95347823 1
95347825 1
95347827 1
95347829 1
95347831 1
95347833 1
95347835 1
95347837 1
95347839 1
95347841 1
95347843 1
95347845 1
95347847 1
95347849 1
95347851 1
95347853 1
95347855 1
95347857 1
95347859 1
95347861 1
95476729 1
95908236 1
96235001 1
96235002 1
96235003 1
96235004 1
96357718 1
96357719 1
98249767 1
98249768 1
98318602 1
98318627 1
98318628 1
98318629 1
98318630 1
98318631 1
98318632 1
98399341 1
100335284 1
101229655 1
101229656 1
101252748 1
101708841 1
101708842 1
102457467 1
102502668 1
102502670 1
102764421 1
104294306 1
104294307 1
104681053 1
104681054 1
104707908 1
104825252 1
104825254 1
104825259 1
105903329 1
106007672 1
106007673 1
106007698 1
106007700 1
106271856 1
106272005 1
106272012 1
106272073 1
106272652 1
106272654 2
106272655 1
106272656 1
106272661 1
106272681 1
106272697 1
106272699 1
106272728 1
106381127 1
107096103 1
107512740 1
107512742 1
107512746 1
107512747 1
107512750 1
107513152 1
107759949 1
107759951 1
107867168 1
107867174 1
107950771 1
107950773 1
108022217 1
108022370 1
108333525 1
108714873 1
108714887 1
108806518 1
109138906 1
109821986 1
109927127 1
109927132 1
110142038 1
110175980 2
110175981 2
110175982 1
110176002 1
110176007 1
110176012 1
110176019 1
110176026 1
110176027 1
110176028 1
110176071 1
110176082 1
110176083 1
110176092 1
110176101 1
110176125 1
110176132 1
110176134 1
110176137 1
111274462 1
111274483 1
112103446 1
112103447 1
112103448 1
112135236 1
112135743 1
112221484 1
112221485 1
113000501 1
113000508 1
113130541 1
113417076 1
113426934 1
113426964 1
113427059 1
113431436 1
113431533 1
113433423 1
113433431 1
113433504 1
113435094 1
113477868 1
113596026 1
113596027 1
113596028 1
113596476 1
113596536 1
113596555 1
113697788 1
113697790 1
114178114 1
114178115 1
114277549 1
114277576 1
114277579 1
114277580 1
114277581 1
114277582 1
114277606 1
114277607 1
114277610 1
114277616 1
114277617 1
114277676 1
114476237 1
114764978 1
115018682 1
115500287 1
115878684 1
115970809 1
116082042 1
116232141 1
116232158 1
116232159 1
116345073 1
116723759 1
116981918 1
116981919 1
118201756 1
118201758 1
118712688 1
118714601 1
118714602 1
120241160 1
120864006 1
120864010 1
120864013 1
121438923 1
121438927 1
121438932 1
122225163 1
122988784 1
122988785 1
123222397 1
123292781 1
123292859 1
123797070 1
124009670 1
124015497 1
124015860 1
124092066 1
124092067 1
124092081 1
124092155 1
124092792 1
124092793 1
124092809 1
124092950 1
124092951 1
124368684 1
124368704 1
124375986 1
124375987 1
124375988 1
124375989 1
124612120 1
124744124 1
124744125 1
124977193 1
125439084 1
125653007 1
126398983 1
126406256 1
126406258 1
126526366 1
126526367 1
126526368 1
126526369 1
128157450 1
128291936 1
128291937 1
128750703 1
128750704 1
128750713 1
128750714 1
128780633 1
128780646 1
128780647 1
128823982 1
128823983 1
129047588 1
129089029 1
129203165 1
129452433 1
129452435 1
129454391 1
129454395 1
129454400 1
129454401 1
129454515 1
129622431 1
129622433 1
130807474 1
130807475 1
131799239 1
132729674 1
132729675 1
132729679 1
132729680 2
132729690 1
132729695 1
132729702 1
132736028 1
132736030 1
132924134 1
132972750 1
132972751 1
132972757 1
132972758 1
133133877 1
133133879 1
133297952 1
133298012 1
134212347 1
134212349 1
134323718 1
134662411 1
134662607 1
134663339 1
134663340 1
136070561 1
136561068 1
136847989 1
136873741 1
137064445 1
137792530 1
137792531 1
137792532 2
137792533 2
137825997 1
137826147 1
138867455 1
138867457 1
138867967 1
138867970 1
138867972 1
138868254 1
138868255 1
138994065 1
139635884 1
140175641 1
140240856 1
140630612 1
140630768 1
140630769 1
140630770 1
140630777 1
140630778 1
140630779 1
140630786 1
140630787 1
140630788 1
140630795 1
140630796 1
140630797 1
140630804 1
140630805 1
140630806 1
141182002 1
141355746 1
141910138 1
141910140 1
142250198 1
142250201 1
142664995 1
142664996 1
142664997 1
142664998 1
142664999 1
142665000 1
142665001 1
142665002 1
142665004 1
142665006 1
142665008 1
142665010 1
142665012 1
142665013 1
142665021 1
142665023 1
142665036 1
143098622 1
143098624 1
143265575 1
143265583 1
143265587 1
143316437 1
143316438 1
143604114 1
143604115 1
143604150 1
144286862 1
144732037 1
145942419 1
146166344 1
146405707 1
146622768 1
146622769 1
146622770 1
146622776 1
146622777 1
146961071 1
147952236 1
148044182 1
148044213 1
148365278 1
148365279 1
148365304 1
148365305 1
148365383 1
149360169 1
150743035 1
151105632 1
151105636 1
151498090 1
151498091 2
151803785 1
151895225 1
152219755 1
152219756 1
152219758 1
152219759 1
152281266 1
152281398 1
152604789 1
152977214 1
152977215 1
153623208 1
153707013 1
153816977 1
153934324 1
153934325 1
154559796 1
154559800 1
154855282 1
154855285 1
155027428 1
155719335 1
156231940 1
156231941 1
157693095 1
157834364 1
157838098 1
157839597 1
157839600 1
157839615 1
158159708 1
158871454 1
158890537 1
158890540 1
158890543 1
158914249 1
159495975 1
159495980 1
159495983 1
159495984 1
159746201 1
159906097 1
159927511 1
159927515 1
159927517 1
159994710 1
160207986 1
160207987 1
160208014 1
160331322 1
160331325 1
160331326 1
160424225 1
160425494 1
160545001 1
160545003 1
160545010 1
160578060 1
160947738 1
160947739 1
161296357 1
161542549 1
161542550 1
161825097 1
161825098 1
161825099 1
161825100 1
161825101 1
161825102 1
161825103 1
161825104 1
161825105 1
161825106 1
161825107 1
162032009 1
162032051 1
162061265 1
162144727 1
162164602 1
162572491 1
162623034 1
162623036 1
162623037 1
162623063 1
162623064 1
162623079 1
162623081 1
162623083 1
162623591 1
162623592 1
162623600 1
162623625 1
162623632 1
162623708 1
162623755 1
162623756 1
162623905 1
162623946 1
162623949 1
162623979 1
162623991 1
162624117 1
162624187 1
162624188 1
162624342 1
162624344 1
162624350 1
162624462 1
162624474 1
162624489 1
162624499 1
162624614 1
162624615 1
162624651 1
162624652 1
162624776 1
162624869 1
162624872 1
162624917 1
162624960 1
162624987 1
162625084 1
162625105 1
162625113 1
162625121 1
162625234 1
162625235 1
162625260 1
162630606 1
162992073 1
162992085 1
163002489 1
163002493 1
163054702 1
163054706 1
163313379 1
164276120 1
164482038 1
164778485 1
164854753 1
165922067 1
165922068 1
165922070 1
166695655 1
166695856 1
167084488 1
167324894 1
167434902 1
167434905 1
168833256 1
168833290 1
168833389 1
168833404 1
168833444 1
168833516 1
168833541 1
169366781 1
169366782 1
169931776 1
169931777 1
170304189 1
170304210 1
170401535 1
173345612 1
173369906 1
173871647 1
173871648 1
173871650 1
173871657 1
173871965 1
173873825 1
173878731 1
173878749 1
173882169 1
173882170 1
173882171 1
173882333 1
173883550 1
173883844 1
173883861 1
174055448 1
174179234 1
174179481 1
174179482 1
174179483 1
174193106 1
174220167 1
174224029 1
174373323 1
174373324 1
174866406 1
174866407 1
174866408 1
174911142 1
174911571 1
174911573 1
174911636 1
174911637 1
174916380 2
174916381 1
174916382 1
174929573 1
174929574 1
174929575 1
175288921 1
175288922 1
175697176 1
175980426 1
175980427 1
176131444 1
176132519 1
176316776 1
176320326 1
176320327 1
176658006 1
176839931 1
176839932 1
177947278 1
178069758 1
178069759 2
178548832 1
178548833 1
178548857 1
178581339 1
179126381 1
179126382 1
179126385 1
179126391 1
179126395 1
179126396 1
179126408 1
179150048 1
180197849 1
180197850 1
180511495 1
180605752 1
180779581 1
180831316 1
180831324 1
180831332 1
180831340 1
180831348 1
180831356 1
180831364 1
180975311 1
180975328 1
182115146 2
182174331 1
182174334 1
182174337 1
182250515 1
182462361 1
183054460 1
183054461 1
183054462 1
183054463 1
183467480 1
183467486 1
183615271 1
183615272 1
183662207 1
183662209 1
183722570 1
183722574 1
183722614 1
184253210 1
184600985 1
184780468 1
184780469 1
184800538 1
184800656 1
184827775 1
184827778 1
185067836 1
185088741 1
185172689 1
185900578 1
186833156 1
186833159 1
186833163 1
186833167 1
187059413 1
187059418 1
187059423 1
187087078 2
187087079 1
187253762 1
187253763 1
187253764 1
187253765 1
188254722 1
189556917 2
189556918 1
189676542 1
189676543 1
189812582 1
190393131 1
192072856 1
192072958 1
192247127 1
192247131 1
192436288 1
192956599 1
192957265 1
192957283 1
193187981 1
194241040 1
194241043 1
194317700 1
194317701 1
194428877 1
194428878 1
194544336 1
194630361 1
194669667 1
194669671 1
194687815 1
194941334 1
195200891 1
195200895 1
195306549 1
195306550 1
195610573 1
196026391 1
196189652 1
196189653 1
196189655 1
196189656 1
196258176 1
196258177 1
196258178 1
196258179 1
196258180 1
196258181 1
196258182 1
196258183 1
196258184 1
196258185 1
196258186 1
196258187 1
196258188 1
196266601 1
196632409 1
196632410 1
196641225 1
196641227 1
197176740 1
197176743 1
197176745 1
197786730 1
197786735 1
198503622 1
199245507 1
199999707 1
199999708 1
200744141 1
200744143 1
200744144 1
200744145 1
200744146 1
200744179 1
200744184 1
200744192 1
201103067 1
201186797 1
201234187 1
202928351 1
202928352 1
202995409 1
202995410 1
202995411 1
203229453 1
204314891 1
204403463 1
204482324 1
204680720 1
205250784 1
205250786 1
205358927 1
205398932 1
205398933 1
205399113 1
205399125 1
205861137 1
205914090 1
205929654 1
205929657 1
205984441 1
205984442 1
206325051 1
206325140 1
206325150 1
206536351 1
206667081 1
207379522 1
207390632 1
207390724 1
207391130 1
207401970 1
207591744 1
207591748 1
207594445 1
207594463 1
207594477 1
207594478 1
207599317 1
207599462 1
207853153 1
207925239 1
208627770 1
208627771 1
208627778 1
208745502 1
208859089 1
208859103 1
209015615 1
209015616 1
209015617 1
209015618 1
209048273 1
209048274 1
209200131 1
209412963 1
209484521 1
209484529 1
209484594 1
209484605 1
209484621 1
209484667 1
209484674 1
209484677 1
209647936 1
209647944 1
209647952 1
209647960 1
209647968 1
209647976 1
209647984 1
209891078 1
209891079 1
209910513 1
209910514 1
209910515 1
209947683 1
209947687 1
210298825 1
210359168 1
210359170 1
210359216 1
210359385 1
210484562 1
211399262 1
211850217 1
211850219 1
211850221 1
211850778 1
212094455 1
212094457 1
212094458 1
212094461 1
213048112 1
213048119 1
213142048 1
213142049 1
213385067 1
213385068 1
213385075 1
213385076 1
213385078 1
213385079 1
213385080 1
213385081 1
213385082 1
213385084 1
213385085 1
213385086 1
213385087 1
213385096 1
213385097 1
213385116 1
213706007 1
213706010 1
213706011 1
213717593 1
213717608 1
213717609 1
213717630 1
213727031 1
213727054 1
213727410 1
213727421 1
213727451 1
213945893 1
213945894 1
213945895 1
213945909 1
213945917 1
213955377 1
213955388 1
213955398 1
214365219 1
214409489 1
214409490 1
214409491 1
215164054 1
215785302 1
215785632 1
215785874 1
215785875 1
215789341 1
216400653 1
216400654 1
216549134 1
216549142 1
216549181 1
216549228 1
216549236 1
216549358 1
216673827 1
216760773 1
216890435 1
217487406 2
217487407 2
217487408 2
217864308 1
217873036 1
218120315 1
218120316 1
218711513 1
218737778 1
218737781 1
218804093 1
218903138 1
219274078 1
219284973 1
219325201 1
219325202 1
219445742 1
219445859 1
219445860 1
219445864 1
219446261 1
219462480 1
219462481 1
219469531 1
219469532 1
219469538 1
219569152 1
219569437 1
219962472 1
220164523 1
220164526 1
220304009 1
220320280 1
220565624 1
220708464 1
220708465 1
221160252 1
221160253 1
221231559 1
221231563 1
221231570 1
221231572 1
221243966 1
221243970 1
221243972 1
221248314 1
221248315 1
222495164 1
222495165 1
222985125 1
222985126 1
222985127 1
222985128 1
223010695 1
223472786 1
223472790 1
223472940 1
224238923 1
224301241 1
224320493 1
224320494 1
224357039 1
224708263 1
224708364 1
224791004 1
224791130 1
224846593 1
224882302 1
225519915 1
225519916 1
225519917 1
225519918 1
225519919 1
225519920 1
225713588 1
225773726 1
225913722 1
226116906 1
226448301 1
227700224 1
227700225 1
227852790 1
227921139 1
227921156 1
227921157 1
227952615 1
227975064 1
227975065 1
228214939 1
228421888 1
228621484 1
228716693 1
229390367 1
229390497 1
229390498 1
229556552 1
229556783 1
230200414 1
230200434 1
230200445 1
230200452 1
230200519 1
230200538 1
230200610 1
230750039 1
230922940 1
230922941 1
231024445 1
231874365 1
232671988 1
232817292 1
232817294 1
232817371 1
232817380 1
232854546 1
232854563 1
232903326 1
232903327 1
232903328 2
232903329 1
232903330 1
232903331 1
232903335 2
232903336 2
232903340 1
232903341 1
232903347 1
232903358 1
232903360 1
232903361 1
232903369 1
232903371 1
232903372 1
232903374 1
232903404 1
232903407 1
232903411 1
232903418 1
232903423 1
232903426 1
232903461 1
232903462 1
232903463 1
232903464 1
232903471 1
232903475 1
232903476 1
232903478 1
232903488 1
232903489 1
232903490 1
232903494 1
232903498 1
232903502 1
232903507 1
232903512 1
232903517 1
232903522 1
232903526 1
232903527 1
232903531 1
232903532 1
232903539 1
232903573 1
232903574 1
232910004 1
233145792 1
233145794 1
233145799 1
233760751 1
233760754 1
234344026 1
234671040 1
235143470 1
235189901 1
235560688 1
235560697 1
235560706 1
235560715 1
235560724 1
235560733 1
235560752 1
235560761 1
235560770 1
235560779 1
235560788 1
235560797 1
236013734 1
236196230 1
236196262 1
236196263 1
236220590 1
236747770 1
237074543 1
237522025 1
237596679 1
237596680 1
237635385 1
237670907 1
237670908 1
237670912 1
237671100 1
238074216 1
238076591 1
238246758 1
238575486 1
239198427 1
239330557 1
239330558 1
239330559 1
239330560 1
239330561 1
239617190 1
239635098 1
239635099 1
239635328 1
240113075 1
240473916 1
240509622 1
240616155 1
241488511 1
242165662 2
242165663 2
242165664 1
242165665 1
242165666 1
242165668 1
242165679 2
242165681 1
242165720 1
242165721 1
242165722 1
242165723 1
242165724 1
242165725 1
242519415 1
243547888 1
243834666 1
243834715 1
244047525 1
244514094 1
244551380 1
244557459 1
244717278 1
245387679 1
245387680 1
245436571 1
245436575 1
245571759 1
245958889 1
246020937 1
246020968 1
246021017 1
246021042 1
246021065 1
247286767 1
247313628 1
247480464 1
247972117 1
247972131 1
247972132 1
247972139 1
247972145 1
247987906 1
248356519 1
248356522 1
248356523 1
248356526 1
249034426 1
249181042 1
249318623 1
249414101 1
249736945 1
249750683 1
249750686 1
249795739 1
249795746 1
250829996 1
250829997 1
250829998 1
250829999 1
250830001 1
250830006 1
250830043 1
250830050 1
250969175 1
251259469 2
251259470 2
251259472 1
251259473 1
251259476 1
251259513 1
251259530 1
251259531 1
251856131 1
251856142 1
252927506 1
252927508 1
252982636 1
252982638 1
252982639 1
253023332 1
253217203 1
253826040 1
253826044 1
253826048 1
253826052 1
254156456 1
254156457 1
254318444 1
254318445 1
254318501 1
254771405 1
254789500 1
255181421 1
255723658 1
255723688 1
255726851 1
255726852 1
256508451 1
257419819 1
258142707 1
258142711 1
258142712 1
258142713 1
258170241 1
258170395 1
258418150 1
258606263 1
258641793 1
258726411 1
258726412 1
258726456 1
258979433 1
259408609 1
259408610 1
259541339 1
259541366 1
259541429 1
259541537 1
259620344 1
260244753 2
260244754 1
260244755 1
260782101 1
260782102 1
260792292 1
260792293 1
261046398 1
261046407 1
261890759 1
262029648 1
262029649 1
262029969 1
262137652 1
262588105 1
262593060 1
262977719 1
263829142 1
264017424 1
264017428 1
264174656 1
264176092 1
264181344 1
264181345 1
264181349 1
264181365 1
264181368 1
264181372 1
264181376 1
264181377 1
264181378 1
264181379 1
264188871 1
264198756 1
264198757 1
264198758 1
264198759 1
264198760 1
264198761 1
264198968 1
264199163 1
264209638 1
264574089 1
264574091 1
265944455 1
265944456 1
265944457 1
265944476 1
265944477 1
265944478 1
265944479 1
265944480 1
265944481 1
265944482 1
265944489 1
265944490 1
265944491 1
266572863 1
266572864 1
266572899 1
266572902 1
266576318 1
266576319 1
266576320 1
266576321 1
266576324 1
266576325 1
266576344 1
266576366 1
266576367 1
266576369 1
266576370 1
266594114 1
267494175 1
267514411 1
267970136 1
267970245 1
267970284 1
268531116 1
268531118 1
269239393 1
269239394 1
270000415 1
270224051 1
270427096 1
270437826 1
270500523 1
271168752 1
271190051 1
271191125 1
271191129 1
272044413 1
272648169 1
272648199 1
272648224 1
272648387 1
272648392 1
272648398 1
272648477 1
273119031 1
273276754 1
273276761 1
273381736 1
273381737 1
273504515 1
273850455 1
273850459 1
273850894 1
273859838 1
273859839 1
273970468 1
273970469 1
273970491 1
273970517 1
273970964 1
273970970 1
273970979 1
273975204 1
274020726 1
274020771 1
274021240 1
274029166 1
274186877 1
274611326 1
274611336 1
274690095 1
274940491 1
274940496 1
274940499 1
275623969 1
275866069 1
275866070 1
275866071 1
276169340 1
276639845 1
277415017 1
277655302 1
277655388 1
277655409 1
277775193 1
277775198 1
277897395 1
277911044 1
278166395 1
278166396 1
278201097 1
278419410 1
278419411 1
278466425 1
278466426 1
278700930 1
279052865 1
279113456 1
279113457 1
279113463 1
279551200 1
280122663 1
280227995 1
280227998 1
280276819 1
280276820 1
280276821 1
280276822 1
280276823 1
280504429 1
280805210 1
281339350 1
281394500 1
281428210 1
281780449 1
282027745 1
282602665 1
282602668 1
283373020 1
283373021 1
283373022 1
283403135 1
283906303 1
284317506 1
284317508 1
284317509 1
284317510 1
284317511 1
284317512 1
284436449 1
284436451 1
284436452 1
284436453 1
284436454 1
284611112 1
284611144 1
284717225 1
284717226 1
284717290 1
285017177 1
285017180 1
285017182 1
285809870 1
286795765 1
286795822 1
287510866 1
287510867 1
287510868 1
287510870 1
287909478 1
287909481 1
287966221 1
288240545 1
288240553 1
288240558 1
288240564 1
288240569 1
288240574 1
288240582 1
288240587 1
288240592 1
288399310 1
288399367 1
288399515 1
288399523 1
288940259 1
289542967 1
289542969 1
289542975 1
289542998 1
289543051 1
289647228 1
289647322 1
289647323 1
289647325 1
289647327 1
289647328 1
289647339 1
289647376 1
289647378 1
289647400 1
289647401 1
289647428 1
289647435 1
289800343 1
289800397 1
289800605 1
290246334 1
290384734 1
290630120 1
291398324 1
291398358 1
291432586 1
291567706 1
291568095 1
291730860 1
291779811 1
291779813 1
292187185 1
292187186 1
292187187 1
292187188 1
292187227 1
292576471 1
292731610 1
292742866 1
292742875 1
292742880 1
292742882 1
292742883 1
292742884 1
292813711 1
292813716 1
292813717 1
292813718 1
293456620 1
293636139 1
293636150 1
294369631 1
294369632 1
295460742 1
295460743 1
295927194 1
296073203 1
296102395 1
296102680 1
296102863 1
296466542 1
296473971 1
296709148 1
296885422 1
296885423 1
296885490 1
296885521 1
296885541 1
296885632 1
296908950 1
297540210 1
297626705 1
297626706 1
297769082 1
297781541 1
297781544 1
297781549 1
298348209 1
298669492 1
298818420 1
298818421 1
298818422 1
298818434 1
299389901 1
299569076 1
299601431 1
299601587 1
299860856 1
299860907 1
299907905 1
299907911 1
299907971 1
299908119 1
299908123 1
300284712 1
300289557 1
300292294 1
300293996 1
300294009 1
300294012 1
300294021 1
300294024 1
300294027 1
300294127 1
300294163 1
300728422 1
300728423 1
300728424 1
300728425 1
300728426 1
300728427 1
300728428 1
300728429 1
300780865 2
300780866 2
300780868 1
300780876 1
300780881 1
300780882 1
300780931 1
300781007 1
300781009 1
300781027 1
300781075 1
300812332 1
300812335 1
300979230 1
300979267 1
300979269 1
300994384 1
300994392 1
300994400 1
300994408 1
300994416 1
300994424 1
300994432 1
301129810 1
301291123 1
301291124 1
301463579 1
301463581 1
301921666 1
302176210 1
302218161 1
302218162 1
302218163 1
302218298 1
302274356 1
302374188 1
302374189 1
302374190 1
302374191 1
302374192 1
302374193 1
302374194 1
302374195 1
302374196 1
302374197 1
302374198 1
302374199 1
302538294 1
302587347 1
303276798 1
303276817 1
303276819 1
303276852 1
303402061 1
303499539 1
303681378 1
303681381 1
303681383 1
304128337 1
304171587 1
304171593 1
304212257 1
304212258 1
304212259 1
304213886 1
304280996 1
304683514 1
305746721 1
306002102 1
306101790 1
306223337 1
306280210 1
306716605 1
306838626 1
307124576 1
307124713 1
307179863 1
307206970 1
307206974 1
307508031 1
307508038 1
307775691 1
308085219 1
308085220 2
308155727 1
308428059 1
308428060 1
308769652 1
308769656 1
309559649 1
310302079 1
310302080 1
310302081 1
310302082 1
310302083 1
310302084 1
310302085 1
310302086 1
310416339 1
310704405 1
310704406 1
310704488 1
310704654 1
310704750 1
310704810 1
310925236 1
311098608 1
311098794 1
311591363 1
311591510 1
311591687 1
311591688 1
311700225 1
311867299 1
311867301 1
311867352 1
311867437 1
311867514 1
311867599 1
311867641 1
311867646 1
313127853 1
313127854 1
313127855 1
313127856 1
313127884 1
313127973 1
313128035 1
313128059 2
313128060 2
313234741 1
313357498 1
313357502 1
313357540 1
313381334 2
314011269 1
314032404 1
314032406 1
314032407 1
314193840 1
314277379 1
314277381 1
314328408 1
314340302 1
314386002 1
315011173 1
315627972 1
315789657 1
315789658 1
315968216 1
315968217 1
316213095 1
316390505 1
316809785 1
316809786 1
317128086 1
317330600 1
317576145 1
317576149 1
317576153 1
317669535 1
317669597 1
317669598 1
317669621 1
318573839 1
318573840 1
318825461 1
318825462 1
318825464 1
318825465 1
318825472 1
318825550 1
318825591 1
318825592 1
318990251 1
319100140 1
319100829 1
319105609 1
319105616 1
319349171 1
319349172 1
319349173 1
319349180 1
319349183 1
319359157 1
319411257 1
319476067 1
319476070 1
319821333 1
320158007 1
320399049 1
320562769 1
320562770 1
320666570 1
320666615 1
320763471 1
321815288 1
321908245 1
321908246 1
321914550 1
321929481 2
321929482 1
321929492 1
322163399 1
322163487 1
322364684 1
322460667 1
322463549 1
322641002 1
322641003 1
323318680 1
323318741 1
323318742 1
323318744 1
323318745 1
323318746 2
323686874 1
323686875 1
323943052 1
323947886 1
323947892 1
323947894 1
323947902 1
323948261 1
323948271 1
324587357 1
324786192 1
324786279 1
325072815 1
325196112 1
325677500 1
326000518 1
326000560 1
326127083 1
326127098 1
326127101 1
326192787 1
326839618 1
326839651 1
326839654 1
326839713 1
326839720 1
326839721 1
326839727 1
326839733 1
326839747 1
326839748 1
326934722 1
326934724 1
326934741 1
327053044 1
327057643 1
327057729 1
327057805 1
327057815 1
327190167 1
327190172 1
327703501 1
327703502 1
327703506 1
327703508 1
327703521 1
327825316 1
327825554 1
328089461 1
328238570 1
328238571 1
328238572 1
328447657 1
328541344 1
328582169 1
328582261 1
328584180 1
328584186 1
328584200 1
328584212 1
328588708 1
328588709 1
328737028 1
328737283 1
328737326 1
328920348 1
329157813 1
329157837 1
329158050 1
329279817 1
329279820 1
329831124 1
329906891 1
329906892 1
330269046 1
330751061 1
330815026 1
330815033 1
330847671 1
330847674 1
330847677 1
330868299 1
330868305 1
330921765 1
330921859 1
330921880 1
330964600 1
330964771 1
330964850 1
330964916 1
331013494 1
331045238 1
331045461 1
331045563 1
331045598 1
331078284 1
331528540 1
331723694 1
331725905 1
331726017 1
331794722 1
331818579 1
331962993 1
332291328 1
332309060 1
332533830 1
332677315 1
332677316 1
332779980 1
333189155 1
333221563 1
333397788 1
333399003 1
333399004 1
333560052 1
333680550 1
333712768 1
333846790 1
333868921 1
334216659 1
334439109 1
334439112 1
334666622 1
334744538 1
335156777 1
335156820 1
335156830 1
335156920 1
335156933 1
335156948 1
335156958 1
335157139 1
335304726 1
335304813 1
335321051 1
335748144 1
335833896 1
335833897 1
336013927 1
336361553 1
336497336 1
336497338 1
336499965 1
336499966 1
336743877 1
336743878 1
336743984 1
336743987 1
336744022 1
337174161 1
337281999 1
337567367 1
337567370 1
337567371 1
337567372 1
337629974 1
337630019 1
337884346 1
338455085 1
338455086 1
338673616 1
338673618 1
338911484 1
338911498 1
338911499 1
338911500 1
338911501 1
338911502 1
338911503 1
338911504 1
339585269 1
339599641 1
339714102 1
339714103 1
339719202 1
340209283 1
340573434 1
340666044 1
340692538 1
340692539 1
340692550 1
341783308 1
341783330 1
341950102 1
341967513 1
342062748 1
342621160 1
342621184 1
342625567 1
342625568 1
342625594 1
342625596 1
342660451 1
342669190 1
342669196 1
342669205 1
342669206 1
342760296 1
342781025 1
342791595 1
342874963 1
342874965 1
343390353 1
343417214 1
343450914 1
343509048 1
343534349 1
343794059 1
344128121 1
344221766 1
344261375 1
344619407 1
344619409 1
344645384 1
344704020 1
344704078 1
344704652 1
344707611 1
344963126 1
344963140 1
344963145 1
344963147 1
345023900 1
345080105 1
345144843 1
345182507 1
345186851 1
345230933 1
345231131 1
345629311 1
345690701 1
345690706 1
345982295 1
346003076 1
346255246 1
346255259 1
346255262 1
346865383 1
346940952 1
347292534 1
347298225 1
347513497 1
347525595 1
347525596 1
347525607 1
347525667 1
347525668 1
347525687 1
347525707 1
347525733 1
347534637 1
347534638 1
347713326 1
347713328 1
347713330 1
347713332 1
347718296 1
347718297 1
348171179 1
348171187 1
348171195 1
348171203 1
348171211 1
348171219 1
348171227 1
348431563 1
348509058 1
348546150 1
348546172 1
348546174 1
348589154 2
348724682 1
348724683 1
349133105 1
349133115 1
349135543 1
349135544 1
349722879 1
349722884 1
349927466 1
349927467 1
349927469 1
349927475 1
349927479 1
349965898 1
350055722 1
350287598 1
351198564 1
351981511 1
351981512 1
352192730 1
352483314 1
352483315 1
352483316 1
352583417 1
352589996 1
352589997 1
352851530 1
352851533 1
353377054 2
353439323 1
353501317 1
353501573 1
353602593 1
353602594 1
353602595 2
353602596 1
353602597 1
353691198 1
353691304 1
355135321 1
355135322 1
355135325 1
355135326 1
355135337 1
355135338 1
355135401 1
355252063 1
355252064 1
355289202 1
355289209 1
355797771 1
356128872 1
356558379 1
356558404 1
356558408 1
356558413 1
356558441 1
357016983 1
357016984 1
357182750 1
357439786 1
357439792 1
357687064 1
357687065 1
358523660 1
358523722 1
358669985 1
358669986 1
358707751 1
358707752 1
358719665 1
358719666 1
358719667 1
358719683 1
358719684 1
358719691 1
358719692 1
358719693 1
358719696 1
358719702 1
358719704 1
358719706 1
358719709 1
358719711 1
358719713 1
358719715 1
358719716 1
358719719 1
358719720 1
358719723 1
358719724 1
358719800 1
358719801 1
358814189 1
358916734 1
359185416 1
359185737 1
359866418 1
359866419 1
359911372 1
360131353 1
360188470 1
360209629 1
360473685 1
360473714 1
360473724 1
360473725 1
360497633 1
360594451 1
360594736 1
360596752 1
360597028 1
360597216 1
360597429 1
360597436 1
360597443 1
360598573 1
360598616 1
360598703 1
360737358 1
360737380 1
360737381 1
360737382 1
360894947 1
360914103 1
361118712 1
361118895 1
361637581 1
361944154 1
361944324 1
361944326 1
361944382 1
362012242 1
362012243 1
362012267 1
362012274 1
362012373 1
362012387 1
362012389 1
362235590 1
362313312 1
362324734 3
362324735 3
362324736 1
362324737 3
362324750 1
362324751 1
362324754 1
362324766 1
362324775 1
362324782 1
362324787 1
362324796 1
362324797 1
362324826 1
362324827 1
362324828 1
362324829 1
362324833 1
362324834 1
362324836 1
362324837 1
362324838 1
362324839 1
362324840 1
362324841 1
362324842 1
362324843 1
362324844 2
362324845 2
362324846 1
362324847 1
362324848 1
362324850 1
362324851 1
362324852 1
362324853 1
362324854 1
362324855 1
362324856 2
362324857 2
362324858 1
362324859 1
362324861 1
362324862 1
362324863 1
362324864 1
362324865 1
362324866 1
362324867 2
362324868 2
362324869 1
362324870 1
362324872 1
362324873 1
362324874 1
362324875 1
362324876 1
362324877 1
362324878 1
362324879 1
362324880 2
362324881 2
362324882 1
362324883 1
362586579 1
362759180 1
362849805 1
362849807 1
363640235 1
363641856 1
363644200 1
363902943 1
363902944 1
363902945 1
363902946 1
363902954 1
363902955 1
363902956 1
363902957 1
363902958 1
363902959 1
364264012 1
364264025 1
364264037 1
364264038 1
364264039 1
364264040 1
364264041 1
364264042 1
364264043 1
364264047 1
364859916 1
364859928 1
364859929 1
364859930 1
364859931 1
364859932 1
365302411 1
365930332 1
365930333 1
366173503 1
366173505 1
366173509 1
366173510 1
366238202 1
366240650 1
366240865 1
366240905 1
366240913 1
366297528 1
366297529 1
366297615 1
366297616 1
367657665 1
367671656 1
367677358 1
367677359 1
368098891 1
368383151 1
368600298 1
368692595 1
368692596 1
368716472 1
368748982 1
369622416 2
369672170 1
369672171 1
369683038 1
369877933 1
369877934 1
369880416 1
369880420 1
370330363 1
370330366 1
370782037 1
370782040 1
370791138 1
370791149 1
370854143 1
371355044 1
371355045 1
371480615 1
371480623 1
371484200 1
371484275 1
371656384 1
371656495 1
371749582 1
371924439 1
371937379 1
371937382 1
371937797 1
372107783 1
372107784 1
372107785 1
372107786 1
372107787 1
372220852 1
372223782 1
372684892 1
372684894 1
372684915 1
372797373 1
372965728 1
373030553 1
373030554 1
373219418 1
373219420 1
373232275 1
373232333 1
373359975 1
373405931 1
373736102 1
373961635 1
373961643 1
373961659 1
373961660 1
373961661 1
373961662 1
373961663 1
373961664 1
373961665 1
373961666 1
373961683 1
373961684 1
373961685 1
373961686 1
373961687 1
373961688 1
373961689 1
373961690 1
374009622 1
374230757 1
374266947 1
374469839 1
374576290 1
374605392 1
374605393 1
374605400 1
374927477 1
374978749 1
375628252 1
375628253 1
375920525 1
375920526 1
376284498 1
376284544 1
376584242 1
376873966 1
376906285 1
377059389 1
377060273 1
377089171 1
377829080 1
378151612 1
378419679 1
378419680 1
378419681 1
378419682 1
378473429 1
378473430 1
378680912 2
378680913 2
378680914 2
378680915 1
378680953 1
378680962 1
378680963 1
378680978 1
379330833 1
379330836 1
379401139 1
379401585 2
379401586 2
379401587 2
379401588 2
379401589 2
379401590 2
379401591 2
379401592 2
379401593 2
379401594 2
379401595 2
379401596 2
379401597 2
379401598 2
379401599 2
379401600 2
379401601 2
379401602 2
379401603 2
379401604 2
379401605 2
379401640 1
379401651 1
379401675 1
379401681 1
379401692 1
379401698 1
379401703 1
379401704 1
379401721 1
379401722 1
379401746 1
379817998 1
379914731 1
379930103 1
380284972 1
380285597 1
381311085 1
381311093 1
381460974 1
381636224 1
382079128 1
382079129 1
382510028 1
382559970 1
382845483 1
382883325 1
382886256 1
383117657 1
383613323 1
384059025 1
384532837 1
384532853 1
384635385 1
384800696 1
384800697 1
384894546 1
384894547 1
385001329 1
385314668 1
385591878 1
385748488 1
385748496 1
385803731 1
385803732 1
385948291 1
385948292 1
385948293 1
386044284 1
386044285 1
386044286 1
386044287 1
386066537 1
386067062 1
387232134 1
387232136 1
387450678 1
387450679 1
387450708 1
387450750 1
387450790 1
387450801 1
387683319 1
388023903 1
388294541 1
388365268 1
388365270 1
388375240 1
388554119 1
388554120 1
388554140 1
388630174 1
388630185 1
388630189 1
388630190 1
388723406 1
388815004 1
389014294 1
389015089 1
389587665 1
390349855 1
390386131 1
390438122 1
390438123 1
390438124 1
390438125 1
390438126 1
390438127 1
390438128 1
390438129 1
390438130 1
390438131 1
390438132 1
390438133 1
390438134 1
390438135 1
390618564 1
390996293 1
390996294 1
391210194 1
391210195 1
391210279 1
391210376 1
391210403 1
391303001 1
391829480 1
391829482 1
392415605 1
392415606 1
392415607 1
392415608 1
392539519 1
392539520 1
392865321 1
392865755 1
392866001 1
392881482 1
393007352 1
393007354 1
393050979 1
393262806 1
393383983 1
393565998 1
393706397 1
393706401 1
393706406 1
393706407 1
393706408 1
393706411 1
393948653 1
394173300 1
394279936 1
394279937 1
394279938 1
394351073 1
394484111 1
394484113 1
394559230 1
395322955 1
395322988 1
395410686 1
395410687 1
395411927 1
395411928 1
395425348 1
395425389 1
395425390 1
395425393 1
395425394 1
395505883 1
395505896 1
395505902 1
395505904 1
395523645 1
395524246 1
395524247 1
395535663 1
395535664 1
395535920 1
395535921 1
395536228 1
395536229 1
395536246 1
395536247 1
395539079 1
395539080 1
395541230 1
395541443 1
395541748 1
395541749 1
395541995 1
395541996 1
395543822 1
395543823 1
395543824 1
395547041 1
395547047 1
395547052 1
395547053 1
395547054 1
395547055 1
395547068 1
395549970 1
395549971 1
395549972 1
395594356 1
395594360 1
395594361 1
395595503 1
395596271 1
395597798 1
395599175 1
395600692 1
395600701 2
395600702 2
395600703 2
395600704 2
395600705 2
395600706 2
395600707 2
395600708 2
395600709 2
395600710 2
395600711 2
395607139 1
395607140 1
395607141 1
395607142 1
395607147 1
395607148 1
395607149 1
395607150 1
395607151 2
395612625 1
395612673 1
395612675 1
395612680 1
395612687 1
395612691 1
395612695 1
395612699 1
395612707 1
395701127 1
395726354 1
395876251 1
395876254 1
395876255 1
395877284 1
395877287 1
395877288 1
395879729 1
395879732 1
395879733 1
395880395 1
395880398 1
395880399 1
395880404 1
395880407 1
395880408 1
395880882 1
395880885 1
395880886 1
395881194 1
395881206 1
395881221 1
395881233 1
395881279 1
395881291 1
395881342 1
395881354 1
395881383 1
395881399 1
395881602 1
395881614 1
395881819 1
395881820 1
395881821 1
395881822 1
395881834 1
395881841 1
395881853 1
395881932 1
395881933 1
395881934 1
395881946 1
395882081 1
395882093 1
395890950 2
395890951 2
395890959 1
395890961 1
395891000 1
395891003 1
395891004 1
395891007 1
395891010 1
395891011 1
395891015 1
395891025 1
395891026 1
395891030 1
395891034 1
395891038 1
395891042 1
395891043 1
395891047 1
395891052 1
395891064 1
395891067 1
395891068 1
395891069 1
395913119 1
396320927 1
396320938 1
396417448 1
396417449 1
396644222 1
396689184 1
396872231 1
396872232 1
397118255 1
397128496 1
397677011 1
397677012 1
397677184 1
397677185 1
397843951 1
397843952 1
397843953 1
397843954 2
397843955 1
397844007 1
397844008 1
398096425 1
399166411 1
399166414 1
399166415 1
399166416 1
399416131 1
399416233 1
399606101 1
399606103 1
399704169 1
399704170 1
400201868 1
400201869 1
400201883 1
400202126 1
400202128 1
400202168 1
400202170 1
400316343 1
400316344 1
400316351 1
400316352 1
400448539 1
400448540 1
400869052 1
400869054 1
400869055 1
400869056 1
401348532 1
401611340 1
401611344 1
401611347 1
401894704 1
401894705 1
401894708 1
401894709 1
401894710 1
402035873 1
402035877 1
402497446 1
402512942 1
402512945 1
402512949 1
402513030 1
402513174 1
402513536 1
402513562 1
402513563 1
402513564 1
402513565 1
402952762 1
402952763 1
402952772 1
402952773 1
402952856 1
402952857 1
403653194 1
404029189 1
404160831 1
404193657 1
404202524 1
404202578 1
404202583 1
404268189 1
404412349 1
404413085 1
404413086 1
404413087 1
404608459 1
404765946 1
404765947 1
404765951 1
404765952 1
404765961 1
404765966 1
404765969 1
404765970 1
404765971 1
404765973 1
404765975 1
405048513 1
405059164 1
405069214 1
405212378 2
405212379 2
405212380 1
405212410 1
405212427 1
405212445 1
405212448 1
405212473 1
405402579 1
405508796 1
405515095 1
405699318 1
406133511 1
406648008 1
406648038 1
406648062 1
406648064 1
407089124 1
407089131 1
407089151 1
407089158 1
407089159 1
407089160 1
407089161 1
407089162 1
407499573 1
407547626 1
407547629 1
407547632 1
407734537 1
407734540 1
407840208 2
407950771 1
407950772 1
407950773 1
407950775 1
407950776 1
408082225 1
408082236 1
408082240 1
408082587 1
408084107 1
408084112 1
408084124 1
408086135 1
408086136 1
408086137 1
408086139 1
408086341 1
408086342 1
408086343 1
408086369 1
408086497 1
408088064 1
408088923 1
408088926 1
408089406 1
408089407 1
408089408 1
408089409 1
408089425 1
408089426 1
408089427 1
408089428 1
408089430 1
408089431 1
408089561 1
408090091 1
408090094 1
408090146 1
408090174 1
408090218 1
408090454 1
408090884 1
408090888 1
408090949 1
408090951 1
408092578 1
408092579 1
408092580 1
408092589 1
408092923 1
408092925 1
408216677 1
408651237 1
408777498 1
408777499 1
408943634 1
408967550 1
409138725 1
409334780 1
409416265 1
409416266 1
409565826 1
409963711 1
409963712 1
409998777 1
410370689 2
410370693 1
410370694 1
410370711 1
410370712 1
410370772 1
410370780 1
410370796 1
410370833 1
410370835 1
410370836 1
410370837 1
410370839 1
410370840 1
410370841 1
410370843 1
410370844 1
410370845 1
410370846 1
410370847 1
410370849 1
410370851 1
410370856 1
410370857 1
410370859 1
410370861 1
410370863 1
410370864 1
410370866 1
410370868 1
410370870 1
410370872 1
410370874 1
410370875 1
410370878 1
410370880 1
410370881 1
410370882 1
410370883 1
410370884 1
410370885 1
410370887 1
410370889 1
410370890 1
410370892 1
410370894 1
410370895 1
410370897 1
410370899 1
411012233 1
411012235 1
411012237 1
411110773 1
411110774 1
411170463 1
411174507 1
411174515 1
411174518 1
411174521 1
411174522 1
411482348 1
411585931 1
411800697 1
412268047 1
412536414 1
412814245 1
412814246 1
412814247 1
412814248 1
412814249 1
412814250 1
412861294 1
412861295 1
412861300 1
412861301 1
413116202 1
413143814 1
413143902 1
413143903 1
413194570 1
413194571 1
413805736 1
413805737 1
413805739 1
414225408 1
414535077 1
414535078 1
414535315 1
414535870 1
414758390 1
414758391 1
414758397 1
414872496 1
414872497 1
414872498 1
414872627 1
414872628 1
414872629 1
414897014 1
414982022 1
414982109 1
414982110 1
415030724 1
415632534 1
415632612 1
415632613 1
415731115 1
415731184 1
415834579 1
415834665 1
415920748 1
415920749 1
415920822 1
416284739 1
416284742 1
416284743 1
416293293 1
416293294 1
416293444 1
416302527 1
416502699 1
416502703 1
416502704 1
416503054 1
416503056 1
416763141 1
416778086 1
416778087 1
416778095 1
416778096 1
417596778 1
417596779 1
417596780 1
417924156 1
417924159 1
418186589 1
418186590 1
418186591 1
418186592 1
418197844 1
418197845 1
419182985 1
419183025 1
419585753 1
419842758 1
419842759 1
419842797 1
419842798 1
420272110 1
420732930 1
420732949 1
420732950 1
420732951 1
420732952 1
420732953 1
420734334 1
420734338 1
420734342 1
420734346 1
420734350 1
420734354 1
421008966 1
421341152 1
421341153 1
421373638 1
421572504 1
421572505 1
421572523 1
421572524 1
421729323 1
421729407 1
421729437 1
421729456 1
421734176 1
422117695 1
422117696 1
422117698 1
422238088 1
422261083 1
422261085 1
422299376 1
422299377 1
422611940 1
422682296 1
422682311 1
422682315 1
422682316 1
422739607 1
422739723 1
422739726 1
423340222 1
423340225 1
423475999 1
423476000 1
423487054 1
423487055 1
424145871 1
424145872 1
424145873 1
424169651 1
424169652 1
424187880 1
424187885 1
424429122 1
424429123 1
424429125 1
424429127 1
424429128 1
424429129 1
424429138 1
424695416 1
425073829 1
425073833 1
425073837 1
425348133 1
425348139 1
425362840 1
425362913 1
425362914 1
425363004 1
425363129 1
425363135 1
425363214 1
425363216 1
425722045 1
425722048 1
425722051 1
425722056 1
425722060 1
425722066 1
425902476 1
426192279 1
426192312 1
426192320 1
426192531 1
426192608 1
426192615 1
426192768 1
426192770 1
426192941 1
426193078 1
426193085 1
426193093 1
426193196 1
426193238 1
426193247 1
426193285 1
426193295 1
426193395 1
426193521 1
426193661 1
426193683 1
426193707 1
426193714 1
426193865 1
426193868 1
426194178 1
426194189 1
426194234 1
426194325 1
426194347 1
426194348 1
426194349 1
426194350 1
426194351 1
426194352 1
426194401 1
426194403 1
426194426 1
426194456 1
426194486 1
426194574 1
426194674 1
426194702 1
426194741 1
426194748 1
426194809 1
426194857 1
426194879 1
426194965 1
426195029 1
426195103 1
426195296 1
426195418 1
426195649 1
426195704 1
426195705 1
426195983 1
426196304 1
426196481 1
426196609 1
426196611 1
426196740 1
426196849 1
426196850 1
426196885 1
426196886 1
426196887 1
426196888 1
426196889 1
426196890 1
426196903 1
426196909 1
426196912 1
426196962 1
426196994 1
426197064 1
426197067 1
426197150 1
426197151 1
426197152 1
426197153 1
426197177 1
426395569 1
426543470 1
426543471 1
426668016 1
426668017 1
426781523 1
426784905 1
426784912 1
426784919 1
426784937 1
426935994 1
426935995 1
427104251 1
427104252 1
427155959 1
427410405 1
427410410 1
427645068 1
427707508 1
427707509 1
427873414 1
427873443 1
427873469 1
427873474 1
427873477 1
427873481 1
427873491 1
428061540 1
428657389 1
428694711 1
429040282 1
429040305 1
429040306 1
429604450 1
429643859 1
430110822 1
430353288 1
430353398 1
430376408 1
430381840 1
430511171 1
430511172 1
430624155 1
431101267 2
431202208 1
431202209 1
431528240 1
431528918 1
431529502 1
431806557 1
432155078 1
432203104 1
432203107 1
432203151 1
432225146 1
432336192 1
432337981 1
432338204 1
433006790 1
433271798 1
433271802 1
433422408 1
433422411 1
433427901 1
433428067 1
433953726 1
433953727 1
433953736 1
433953805 1
434825112 1
435019553 1
435148327 1
435148337 1
435148342 1
435148402 1
435148410 2
435148411 1
435148412 1
435148414 1
435148416 1
435148418 1
435148420 1
435148422 2
435148423 1
435148424 1
435148426 1
435148428 1
435148430 1
435148432 1
435148434 2
435148435 1
435148436 1
435148438 1
435148440 1
435148442 1
435148444 1
435148446 2
435148447 1
435148448 1
435148450 1
435148452 1
435148454 1
435148456 1
435148458 2
435148459 1
435148460 1
435148462 1
435148464 1
435148466 1
435148468 1
435148470 2
435148471 1
435148472 1
435148474 1
435148476 1
435148478 1
435148480 1
435148498 1
435148507 1
435244424 1
435244427 1
435244454 1
435244458 1
435244462 1
435282223 1
435282226 1
435282227 1
435282228 1
435282243 1
435282247 1
435303204 1
435303207 1
435303208 1
435303209 1
435303239 1
435303243 1
435312524 1
435312541 1
435386886 1
435386889 1
435386890 1
435386891 1
435386908 1
435386912 1
435403665 1
435403666 1
435403668 1
435403675 1
435403679 1
435440136 1
435548876 1
435548878 1
435796930 1
435831463 1
435999163 1
435999164 1
436064007 1
436064008 1
436519721 1
436628799 1
436796563 1
436796564 1
436796568 1
436796569 1
437222962 1
437222963 1
437222969 1
437222974 1
437222975 1
437222976 1
437222977 1
437850804 1
437875918 1
438407826 1
438552545 1
439184917 1
439184936 1
439184937 1
439184938 1
439424054 1
439520869 1
439521014 1
439543913 1
440616188 1
440616198 1
440616231 1
440616232 2
440616233 1
440616254 1
440616255 2
440616309 1
440616310 1
440616320 1
440616324 1
440616325 1
440616330 1
440616350 1
440616386 1
440616430 1
440616431 1
440616441 1
440616442 1
440616443 1
440616444 1
440616499 1
440616500 2
440616560 1
440616561 1
440616562 1
440616563 1
440616600 1
440616662 1
440639634 1
440639635 1
440656917 1
440656918 1
440660250 1
440660272 1
440660283 1
440662222 1
440662234 1
440662235 1
440886320 1
441012142 1
441647796 1
441928211 1
441928212 1
441928213 1
441943999 1
442107823 1
442107824 1
442488663 1
442488665 1
442488676 1
442572288 1
442707623 1
443185415 1
443185418 1
443704851 1
443705764 1
443733903 1
443792536 1
443792537 1
443867377 1
443889501 1
444097130 1
444414452 1
444455134 1
444488431 1
444490566 1
444490567 1
444662096 1
444662097 1
444781347 1
444781349 1
444922775 1
444922776 1
444923016 1
445028425 1
445028426 1
445028428 1
445028429 1
445028433 1
445028492 1
445028496 1
445030067 1
445030240 1
445047454 1
445116150 1
445414032 1
445414033 1
445616808 1
445616809 1
445616810 1
445616813 1
445616814 1
445616815 1
445626606 1
445626607 1
445723772 1
445981682 1
445981759 1
445981771 1
446661024 1
446964018 1
447039815 1
448004117 1
448004118 1
448196165 1
448196166 1
448285687 1
448334762 1
448398312 1
448398313 1
448398314 1
448398315 1
448398316 1
448402285 1
448402286 1
448490798 1
448490799 1
448490801 1
448490802 1
448923625 1
448923629 1
449030611 1
449030641 1
449136931 1
449136932 1
449136933 1
449136934 1
449363565 1
449678157 1
449678158 1
449678159 1
449886041 1
449931323 1
450825363 1
450825460 1
450913169 1
451407139 1
451484492 1
451961026 1
452475486 1
452514146 1
452727041 1
452727042 1
453193603 1
453619874 1
453619875 1
453620325 1
453620326 1
453723942 1
453723943 1
453723953 1
453734034 1
454400870 1
454400873 1
454400932 1
454401001 1
454401016 1
454401020 1
454491403 1
454491405 1
454512222 1
454514710 1
454645568 1
454645571 1
454666068 1
454666071 1
454683344 1
454683377 1
454683378 1
454765385 1
454765386 1
454797983 1
454797984 1
454797985 1
454797986 1
455008578 1
455008581 1
455009066 1
455133338 1
455133339 1
455225051 1
455225052 1
455225131 1
455225356 1
455225398 1
455225401 1
455225402 1
455225403 1
455225405 1
455225407 1
455225409 1
455685767 1
455685768 1
455860197 1
455916707 1
455930482 1
455999737 1
456094906 1
456094907 1
456094908 1
456094909 1
456094912 1
456134312 1
456134320 1
456134321 1
457118646 1
457380925 1
457732939 1
457748454 1
457801598 1
457801599 1
457885409 1
457900645 1
457900646 1
457902084 1
457902278 1
457902279 1
457907257 1
457907258 1
457907458 1
457957264 1
457957267 1
457957335 1
457967607 1
458116278 1
458116294 1
458124890 1
458124891 1
458125106 1
458125151 1
458871878 1
458871883 1
458871886 1
458871893 1
459706922 1
459707295 1
459888678 1
459888679 1
459888680 1
459888681 1
459888682 1
459888683 1
459888684 1
459888686 1
459888687 1
459888688 1
459888689 1
459888690 1
459888691 1
459888692 1
459890178 1
459890179 1
459990327 1
460176664 1
460453949 1
460544834 1
460684480 1
460684493 1
460948936 1
460948938 1
460948948 1
460948982 1
461050612 1
461213391 1
461213392 1
461448506 1
461495834 1
461525099 1
461525124 1
461657314 1
461657317 1
461657447 1
462246536 1
462246538 1
462246539 1
462522521 1
462522536 1
463011829 1
463304687 1
463305618 1
463306334 1
463306860 1
463477614 1
463721962 1
463850236 1
463850237 1
464205609 1
464207903 1
464207920 1
464207945 1
464277665 1
464436183 1
464993803 1
465249591 1
465249715 1
465287710 1
465332449 1
465359943 1
465414496 1
465414499 1
465452406 1
465452407 1
466068058 1
466497877 1
466497899 1
466497900 1
466497901 1
466497902 1
466497903 1
466497904 1
466833642 1
466930883 1
466930885 1
466931054 1
466931055 1
466931161 1
467304627 1
468373108 1
469485113 1
469485115 1
469485117 1
469485119 1
469485121 1
469485188 1
469485189 1
469485190 1
469485191 1
469485192 1
469485219 1
469485221 1
469485226 1
469485228 1
469485231 1
469485233 1
469485235 1
469485236 1
469485237 1
469485244 1
469485245 1
469485246 1
469485247 1
469485248 1
469485249 1
469485252 1
469485253 1
469485254 1
469485255 1
469485256 1
469485262 1
469485263 1
469485264 1
469485266 1
469485267 1
469485268 1
469485273 1
469485274 1
469814650 1
469814651 1
469850765 1
469987721 1
469987723 1
469987724 1
469987734 1
469987755 1
469987758 1
469987761 1
469987763 1
469989345 1
470141802 1
470141803 1
470479075 1
470479076 1
471292934 1
471490312 1
471490313 1
471925168 1
471925169 1
471925176 1
471925218 1
471925280 1
471925291 1
472006852 1
472006853 1
472433959 1
472784767 1
472802549 1
472802550 1
472802551 1
472802552 1
472863113 1
472908137 1
473254024 1
473323758 1
473369030 1
473369031 1
473369036 1
473369037 2
473369039 1
473369040 1
473369041 1
473369046 1
473432008 1
473591083 1
473591084 1
474004565 1
474004568 1
474121594 1
474584676 1
474694597 1
474694598 1
474694599 1
474694600 1
474694601 1
474694602 1
474694603 1
474694604 1
474694605 1
474694606 1
474728526 1
475089102 1
475289750 1
475289755 1
475409030 1
475409031 1
475637666 1
475637667 1
475915156 1
476082826 1
476082827 1
476082828 1
476657502 1
476854148 1
476854152 1
477264173 1
477495136 1
477665170 1
477665171 1
477665186 1
477775470 1
478179716 1
478274711 1
478274712 1
478274713 1
478274714 1
478274715 1
478274716 1
478274717 1
478274718 1
478274719 1
478650416 1
478650419 1
478657154 1
478657158 1
478657159 1
478657315 1
478657321 1
478657336 1
478657337 1
478657366 1
478657367 1
479767395 1
479850559 1
479850560 1
480028081 1
480375371 1
480375374 1
480973173 1
481140213 1
481225968 1
481704435 1
481811723 1
481811865 1
481960292 1
482480212 1
482480213 1
482480216 1
482480217 1
482480218 1
482480373 1
482480374 1
482480531 1
483125701 1
483548983 1
483685263 1
484924702 1
484924707 1
485339255 1
485396982 1
485397132 1
485397298 1
485405847 1
485405876 1
485405877 1
485405937 1
485406074 1
485406105 1
485406107 1
485406438 1
486432913 1
486432914 1
486432975 1
486432977 1
486432983 1
486432984 1
486433005 1
486433006 1
486433039 1
486433201 1
486433206 1
486433211 1
486623921 1
486631052 1
487137851 1
487141904 1
487453880 1
487453882 1
487806421 1
487806422 1
487930955 1
487943544 1
487943545 1
487943552 1
487943553 1
487943568 1
487943569 1
488188258 1
488188260 1
488188262 1
488486147 1
488955122 1
488955123 1
489249743 1
489496123 1
489496125 1
489496126 1
489496128 1
489496130 1
489496131 1
489496425 1
489496505 1
489496507 1
489496508 1
489496929 1
489496930 1
489496931 1
489496932 1
489496933 1
489496935 1
489496990 1
489496991 1
489496992 1
489496993 1
489496994 1
489496996 1
489497005 1
489497013 1
489497019 1
489497037 1
489497045 1
489497078 1
489497085 1
489497092 1
489497099 1
489497103 1
489497104 1
489497105 1
489497106 2
489497107 1
489497108 1
489497109 1
489497113 1
489497121 1
489497126 1
489497287 1
489567643 1
489588054 1
489588056 1
489588057 1
489588069 1
489588078 1
489758206 1
489758209 1
489758240 1
489758241 1
490483141 1
490513972 1
490513973 1
490592332 1
490900086 2
490900087 2
491565699 1
491565700 1
491565704 1
491737513 1
491950233 1
491950234 1
491950235 2
492104548 1
492133175 1
492208427 1
492208443 1
492375504 1
492577861 1
492683739 1
492808417 1
492841056 1
492841057 1
493188349 1
493188354 1
493188355 1
493234756 1
493234757 1
493234760 1
493501117 1
493501118 1
493501119 1
493826599 1
493826752 1
494056767 1
494232986 1
494922289 1
495292173 1
495677115 1
495677118 1
495871782 1
495871783 1
495871784 1
495871785 1
495871786 1
495872639 1
495872646 1
496386721 1
496420232 1
496420233 1
496420234 1
496420235 1
496420248 1
496420249 1
496420250 1
496420251 1
496420266 1
496420345 1
496758544 1
497048567 1
497048582 1
497048583 1
497054443 1
498265890 1
498265891 1
498265960 1
498412388 1
498741102 1
498741127 1
498741150 1
498741177 1
498741179 1
498741186 1
498741193 1
498741194 1
498741205 1
498741210 1
498741212 1
498741258 1
498741259 1
498741260 1
498741280 1
498741284 1
498791995 1
498791998 1
498792000 1
498890380 1
498890420 1
499371401 1
499680180 1
499684133 1
499685668 1
499698345 1
499790980 1
499791003 1
499791006 1
499791030 2
499791031 1
499791034 1
499791035 1
499791149 1
499791167 1
499791214 1
499791215 1
499791294 1
499791326 1
499791327 1
500056370 1
500056384 1
500056385 1
500084523 1
500084591 1
500084626 1
500160276 1
500212048 1
500653016 1
500860847 1
500860923 1
500860925 1
500860926 1
500860957 1
501062711 1
501113716 1
501113717 1
501136438 1
501293503 1
501293548 1
501293603 1
501293789 1
501293791 1
501293799 1
501293815 1
501293858 1
501293862 1
501293863 1
501293904 1
501293918 1
501311316 1
501426508 1
501502607 1
501502629 1
501502758 1
501502759 1
501502767 1
501502770 1
501502781 1
501502811 1
501502812 1
501502821 1
501502832 1
501502834 1
501502865 1
501570453 1
501570485 1
501571208 1
501791824 1
501958647 1
501958779 1
501975858 1
501975975 1
502478542 1
502478543 1
502478559 1
502478577 1
502478603 1
502478671 1
502478683 1
502478692 1
502478696 1
502511538 1
502761997 1
502778827 1
502778844 1
502778866 1
502778869 1
502778870 1
502778871 1
502778872 1
502778873 1
502778876 1
502778887 1
502778893 1
502778895 1
502778915 1
503356278 1
503516323 1
503516326 1
503989707 1
503989708 1
504294191 1
504518004 1
504518013 1
505281866 1
505281868 1
505378650 1
505378651 1
505906085 1
506108424 1
506108425 1
506108525 1
506108526 1
506108527 1
506203846 1
506203849 1
506203852 1
506203855 1
506203858 1
506203861 1
506203869 1
506203880 1
508054300 1
508054303 1
508079577 1
508079578 1
508239994 1
508239995 1
508240072 1
508240281 1
508300156 1
508579616 1
508580236 1
508580262 1
508580263 1
508905224 1
509085145 1
509085352 1
509086516 1
509086689 1
509086690 1
509093577 1
509093578 1
509093588 1
509093589 1
509093596 1
509093597 1
509093601 1
509093602 1
509093613 1
509093617 1
509093618 1
509629168 1
509630126 1
509630127 1
509678071 1
509723187 1
509738714 1
509738725 1
509800522 1
509835209 1
511064790 1
511071618 1
511422483 1
511422486 1
512094871 1
512328762 1
512658477 1
512658478 1
512712300 1
512712301 1
512712311 1
513301569 1
513301586 1
513301587 1
513305457 1
513355670 1
513749040 1
513749045 1
513749235 1
513749335 1
513774363 1
513910133 1
513911995 1
514074296 1
514074297 1
514074301 1
514074309 1
514240541 1
514299476 1
514299477 1
514983686 1
515184741 1
515184752 1
515184757 1
515286321 1
515286322 1
515444084 1
515444085 1
515471846 1
515471847 1
515650281 1
515650295 1
515650296 1
515650297 1
515650301 1
515650402 1
516158866 1
516581650 1
516726896 1
516918397 1
516918398 1
517135383 1
517162258 1
517797712 1
517797713 1
517797944 1
517797945 1
517797946 1
517797947 1
517797948 1
517797953 1
517797954 1
517797955 1
517797956 1
517797957 1
517797958 1
517797963 1
517797968 1
518000923 1
518000924 1
518427693 2
519072436 1
519074439 1
519074440 1
519167597 1
519206361 1
519268512 1
519622219 1
519622246 1
520474202 1
520474318 1
520821163 1
521367410 1
521367413 1
521577823 1
521577824 1
521577825 1
521577826 1
521696805 1
521696806 2
521696947 1
521774630 1
521826196 1
522220548 1
522528516 1
523365838 1
523365839 1
523413629 1
523413782 1
523525552 1
523525553 1
523614552 1
523614554 1
523856588 1
524515496 1
524515497 1
525079641 1
525170751 1
525221859 1
525957564 1
526122231 1
526122232 1
526122233 1
526122234 1
526122235 1
526122236 1
526122237 1
526233753 1
526233754 1
526233832 1
526318194 1
526318195 1
526693287 1
526693288 1
527169035 1
527191842 1
527191845 1
527269661 1
527269664 1
527269667 1
527269670 1
527269673 1
527269676 1
527269679 1
527269682 2
527269683 1
527269684 1
527269685 2
527269686 1
527269687 1
527269688 2
527269689 1
527269690 1
527269691 1
527674176 1
527674177 1
527674283 2
527674286 2
527691501 1
527958309 1
528039790 1
528039791 1
528039801 1
528039802 1
528039807 1
528039808 1
528080077 1
528080079 1
528452904 1
528452905 1
528839372 2
529424885 1
529504396 1
529579222 1
529952317 1
530135093 1
530135094 1
530773129 1
530773302 1
530969787 1
530969970 1
530972216 1
531429338 1
531609050 1
531980812 1
532137970 1
532138046 1
532356060 1
532646265 1
532717185 1
532717234 1
532840842 1
533202554 1
533276350 1
533372528 1
533372575 1
533372589 1
533372590 1
533401209 1
533401226 1
533401227 1
533401312 1
533401769 1
533433865 1
533596177 1
533596209 1
533674456 1
533705509 1
533705510 1
534107262 1
534107277 1
534131811 1
534131814 1
534191853 1
534893574 1
534893575 1
534934492 1
535784416 1
536304411 1
536304415 1
536374952 1
536374954 1
536374955 1
536374956 1
536703773 1
536703776 1
536703787 1
536872896 1
536872924 1
536872925 1
536872926 1
536872927 1
536872928 1
536872929 1
537166015 1
537166020 1
537166025 1
537395204 1
538067277 1
538214400 1
538214416 1
538214418 1
538214539 1
538288493 1
539084306 1
539225148 1
539670361 1
539670362 1
539670363 1
539670364 1
539729029 1
539729030 1
539729063 1
539927751 1
539927752 1
539927753 1
539927754 1
540560853 1
540686527 1
540742734 1
540742768 1
540822842 1
540973895 1
541170695 1
541170696 1
541170697 1
541228246 1
541228340 1
541228341 1
541519954 1
541519955 1
541519957 1
541519958 1
541817947 1
541817948 1
541817959 1
541817967 1
541817968 1
541855830 1
541867567 1
541867626 1
541867785 1
541928458 1
541928462 1
542775485 1
542775489 1
542775490 1
543311351 1
543311352 1
543311355 1
543311356 1
543484418 1
544040503 1
544040506 1
544040507 1
544537488 1
544537739 1
544537915 1
544538119 1
544538623 1
544538726 1
544538932 1
544726834 1
544726838 1
544768473 1
544922533 1
544922537 1
544922547 1
546190834 1
546191589 1
546327633 1
546407793 1
546407794 1
546517976 1
547017811 1
547253908 1
547257624 1
547426898 1
547481071 1
547501405 1
547582677 1
547582678 1
547582679 1
547582680 1
547582681 1
547582682 1
547582683 1
547582684 1
547823434 1
547823500 1
547823501 1
547823502 1
548003465 1
548003467 1
548208579 1
548208580 2
548208584 1
548208585 1
548208602 1
548208603 1
548212903 1
548212911 1
548669135 1
548669509 1
548669510 1
548669557 1
548669574 1
548669577 1
548669909 1
548669913 1
549096231 1
549632991 1
549632997 1
549776565 2
549855190 1
549875391 1
549875392 1
549875393 1
549905487 1
549906546 1
549996716 1
549996718 1
549996722 1
549996766 1
550039844 1
550039845 1
550058741 1
550226749 1
550344649 1
550362844 1
550524980 1
550729213 1
550821696 1
550866856 1
550866858 1
550866859 1
550928974 1
551025335 1
551105594 2
551348643 1
551348644 1
551348646 1
552459682 1
552459684 1
552585994 1
552600383 1
552600384 1
553430769 1
553443670 1
553443677 1
553720421 1
553720428 1
553720431 1
553720433 1
553735346 1
553735347 1
554001509 1
554001511 1
554144232 1
554300317 1
554300318 1
554441649 1
554634133 1
554709268 1
554709295 1
554709296 1
554755792 1
554757135 1
554840607 1
555214010 1
555214011 1
555214095 1
555214173 1
555214211 1
555287462 1
555375115 1
555375116 1
555375117 1
555375118 1
555375119 1
555375120 1
555375121 1
555375131 1
555375132 1
555375133 1
555375134 1
555375135 1
555375136 1
555375137 1
555375138 1
555375139 1
555375140 1
555375141 1
555375142 1
555375143 1
555375144 1
555690343 1
556167103 1
556167222 1
556523679 1
556523680 1
556567132 1
556836474 1
556836475 1
557095652 1
557174847 1
557174849 1
557348821 1
557387177 1
557412453 1
557522731 1
557522732 1
557522734 1
557522735 2
557522736 2
558030387 1
558686893 1
558686944 1
558691503 1
558865421 2
558865422 1
558865424 1
559291977 1
559291980 1
559970597 1
559970598 1
559970599 1
559970602 2
559970603 2
559970604 2
